seqnames	start	end	width	strand	component	qvalue	enrichment
chr21	43939251	43939500	250	*	1	4.69883760617155e-140	1.37891156467357
chr21	43646751	43647000	250	*	1	2.52007301061379e-137	1.42361107606356
chr21	43810751	43811000	250	*	1	1.86405091047294e-121	1.30519107470966
chr21	43939001	43939250	250	*	1	2.10822956170874e-121	1.19820273984908
chr21	37712251	37712500	250	*	1	6.35714014374947e-118	1.7098939550432
chr21	36028501	36028750	250	*	1	2.16919633460734e-115	1.37269454150911
chr21	25801501	25801750	250	*	1	1.9329459935232e-113	1.53309156695784
chr21	36141501	36141750	250	*	1	1.90323474488907e-112	1.44456066593268
chr21	45556001	45556250	250	*	1	1.1221580374328e-107	1.25131405018754
chr21	15483251	15483500	250	*	1	7.43054191777164e-107	1.30045597526793
chr21	43789251	43789500	250	*	1	6.14960038302394e-102	1.25536817481213
chr21	42450001	42450250	250	*	1	7.36569798501685e-101	1.14120793152051
chr21	38734001	38734250	250	*	1	5.61181774479012e-100	1.33127879974429
chr21	42309751	42310000	250	*	1	2.58067395978072e-97	1.25252991121055
chr21	33924001	33924250	250	*	1	4.91471702836424e-97	1.35145042671711
chr21	36977001	36977250	250	*	1	5.281234430672e-97	1.27307951234491
chr21	43789501	43789750	250	*	1	8.68426436513041e-97	1.51132375389302
chr21	41283251	41283500	250	*	1	8.88187205979915e-97	1.43952216718466
chr21	42145501	42145750	250	*	1	2.92081957117066e-96	1.21988885525462
chr21	45292501	45292750	250	*	1	1.31013835498634e-95	1.20893732194375
chr21	25608251	25608500	250	*	1	1.74389261016188e-95	1.25738100490639
chr21	38356001	38356250	250	*	1	4.63730458443606e-95	1.53428631232155
chr21	44297751	44298000	250	*	1	1.33214714033669e-94	1.18060711699813
chr21	36420001	36420250	250	*	1	1.39184636946812e-94	1.32889553727997
chr21	42117501	42117750	250	*	1	3.7781683042437e-94	1.2326351046513
chr21	34745501	34745750	250	*	1	3.50841955592522e-93	1.42808342607903
chr21	37675251	37675500	250	*	1	2.76450897826793e-91	1.46760495933997
chr21	26170751	26171000	250	*	1	6.22859068693018e-91	1.67626076961606
chr21	44932751	44933000	250	*	1	1.53717620754027e-90	1.38064280737496
chr21	45555001	45555250	250	*	1	2.11497355675847e-90	1.49050059641221
chr21	45596751	45597000	250	*	1	9.14983896880592e-86	1.40396129492318
chr21	37010001	37010250	250	*	1	1.64272291667397e-85	1.30028404556786
chr21	43975501	43975750	250	*	1	1.85628520266068e-84	1.31137086968052
chr21	32258501	32258750	250	*	1	3.47898753704466e-84	1.86787160555478
chr21	29849751	29850000	250	*	1	7.32567206907943e-84	1.4425802912173
chr21	44949751	44950000	250	*	1	1.37327297230423e-83	1.30831560270553
chr21	45439501	45439750	250	*	1	1.37327297230423e-83	1.30831560270553
chr21	42164501	42164750	250	*	1	9.16241453962474e-82	1.30212007097844
chr21	33361251	33361500	250	*	1	5.09731372609252e-81	1.15510495522659
chr21	44892751	44893000	250	*	1	9.63509945185432e-79	1.32321380211662
chr21	44510501	44510750	250	*	1	2.32985261187834e-77	1.41903456868594
chr21	42593251	42593500	250	*	1	2.09056879798348e-76	1.44096974496149
chr21	45970751	45971000	250	*	1	2.09056879798348e-76	1.50055931698325
chr21	45128751	45129000	250	*	1	6.50218222108196e-75	1.13428179774578
chr21	14864751	14865000	250	*	1	3.28882947766105e-74	1.18791518992356
chr21	36927751	36928000	250	*	1	3.32803279687822e-74	1.30639882844304
chr21	34890001	34890250	250	*	1	1.18931568573148e-73	1.52485173632633
chr21	36422251	36422500	250	*	1	8.16509701544423e-72	1.2658280976555
chr21	34510501	34510750	250	*	1	9.08139400456934e-72	1.42268400393972
chr21	25607501	25607750	250	*	1	1.18104957112934e-71	1.28036281107305
chr21	42258751	42259000	250	*	1	1.35999714925064e-71	1.17812283771697
chr21	36112751	36113000	250	*	1	3.92672637931942e-71	1.24871318871306
chr21	32601001	32601250	250	*	1	5.75910943798346e-70	1.54964548405102
chr21	45140501	45140750	250	*	1	2.44029110814568e-69	1.19132736984104
chr21	25881751	25882000	250	*	1	2.84978720347793e-69	1.34234023417779
chr21	39138251	39138500	250	*	1	8.58343865999553e-69	1.28503755102836
chr21	32772001	32772250	250	*	1	1.10996919880789e-68	1.00100151981347
chr21	38352751	38353000	250	*	1	1.68318074031e-68	1.31934091990967
chr21	45820501	45820750	250	*	1	3.59935492988223e-67	1.26227483769402
chr21	28745751	28746000	250	*	1	3.9892601576627e-67	1.43106279317753
chr21	25801751	25802000	250	*	1	5.28494407829303e-67	1.27760290245231
chr21	41816751	41817000	250	*	1	5.23927520107781e-66	1.21453691544569
chr21	34351751	34352000	250	*	1	8.44907390438051e-66	1.22712207642223
chr21	45820751	45821000	250	*	1	8.44907390438051e-66	1.22712207642223
chr21	31086501	31086750	250	*	1	9.95933719228858e-65	1.32299701474276
chr21	25421751	25422000	250	*	1	1.45452121487583e-64	1.02449046683485
chr21	38170251	38170500	250	*	1	2.02051256400605e-64	1.39117422999019
chr21	34603001	34603250	250	*	1	1.35001480163246e-63	1.1915761570325
chr21	34348001	34348250	250	*	1	3.78322028691568e-62	1.29193602055795
chr21	45137251	45137500	250	*	1	7.333128844652e-62	1.33137244099313
chr21	34362001	34362250	250	*	1	6.09570113337748e-61	1.18010492666467
chr21	31580751	31581000	250	*	1	6.51728096345427e-61	1.23518708416173
chr21	36504251	36504500	250	*	1	8.200593174347e-60	1.18775904743461
chr21	33199751	33200000	250	*	1	1.18508046643957e-58	1.03267383612364
chr21	17925001	17925250	250	*	1	5.82748691340276e-58	1.36093698600803
chr21	28745251	28745500	250	*	1	5.82748691340276e-58	1.36093698600803
chr21	45973751	45974000	250	*	1	5.06433410639595e-56	1.18351032628216
chr21	38126751	38127000	250	*	1	4.31151273474117e-55	1.37407522649413
chr21	39126001	39126250	250	*	1	4.31151273474117e-55	1.37407522649413
chr21	41460751	41461000	250	*	1	9.9062746813188e-55	1.27604157610499
chr21	28745001	28745250	250	*	1	2.05334569801601e-54	1.31811345293939
chr21	32826751	32827000	250	*	1	2.74869096935193e-54	1.34234665885564
chr21	39388751	39389000	250	*	1	3.19460995023593e-54	1.10429822975255
chr21	34361751	34362000	250	*	1	4.99781967996877e-54	1.18767361264106
chr21	29476501	29476750	250	*	1	1.15653932047981e-53	1.1586500226023
chr21	36331001	36331250	250	*	1	2.4030153945301e-53	1.13260320245015
chr21	46147501	46147750	250	*	1	4.04931806935861e-53	1.51383759381877
chr21	46143501	46143750	250	*	1	5.98767257707578e-53	1.2667482058537
chr21	46661251	46661500	250	*	1	2.34735545881056e-52	1.35942156811466
chr21	32569751	32570000	250	*	1	6.36564077912917e-52	1.14984579633369
chr21	42833501	42833750	250	*	1	1.94330246953034e-51	1.35439083418433
chr21	33127501	33127750	250	*	1	2.1345642733477e-51	1.17420035216025
chr21	35400501	35400750	250	*	1	2.99209096176504e-51	1.50321651719705
chr21	32940501	32940750	250	*	1	1.58933888999715e-50	1.34928329926175
chr21	41816501	41816750	250	*	1	2.79175439142137e-50	1.0747540739038
chr21	45478251	45478500	250	*	1	3.4381926717539e-50	1.14080360879685
chr21	45478001	45478250	250	*	1	4.99379810322302e-50	1.19726555736823
chr21	33197001	33197250	250	*	1	4.31485440552111e-49	1.03293407533535
chr21	34202001	34202250	250	*	1	7.79691846473158e-49	1.31236801436392
chr21	38219001	38219250	250	*	1	1.82297929627518e-48	1.24231849678392
chr21	36125501	36125750	250	*	1	1.84360647300638e-48	1.13151023854555
chr21	44911751	44912000	250	*	1	1.84360647300638e-48	1.44108886061886
chr21	39388501	39388750	250	*	1	5.96696828058188e-48	1.08260432139747
chr21	36630751	36631000	250	*	1	6.16162650939264e-48	1.3070996209204
chr21	31604751	31605000	250	*	1	8.34657958506331e-48	1.21931918251579
chr21	41817251	41817500	250	*	1	8.34657958506331e-48	1.21931918251579
chr21	34630501	34630750	250	*	1	1.18791243358838e-47	1.16850206754548
chr21	44793251	44793500	250	*	1	1.8917718772834e-47	1.02424419365874
chr21	36939501	36939750	250	*	1	3.73871163632633e-47	1.19779973257078
chr21	38159251	38159500	250	*	1	8.88996579215777e-47	1.16354585909887
chr21	36990001	36990250	250	*	1	8.92035000764082e-47	1.35756199208022
chr21	41069001	41069250	250	*	1	1.27267383731803e-46	1.52958482807583
chr21	33605751	33606000	250	*	1	6.00146552248566e-46	1.08219409876623
chr21	36589501	36589750	250	*	1	1.36423225896332e-45	1.12839309782707
chr21	37221251	37221500	250	*	1	1.7318737035867e-45	0.956242101215074
chr21	45880501	45880750	250	*	1	2.06730142336217e-45	1.26732870111382
chr21	25882001	25882250	250	*	1	2.57746171220321e-45	1.14047727283917
chr21	29298751	29299000	250	*	1	3.06339938922587e-45	1.29077760210689
chr21	31098751	31099000	250	*	1	3.64214064597778e-45	1.20375653689035
chr21	36543001	36543250	250	*	1	3.64214064597778e-45	1.20375653689035
chr21	38356251	38356500	250	*	1	8.85430113233395e-45	1.41800846608188
chr21	31098501	31098750	250	*	1	9.47516559674142e-45	1.12336236389674
chr21	45152251	45152500	250	*	1	9.47516559674142e-45	1.12336236389674
chr21	25639751	25640000	250	*	1	1.56422828627936e-44	1.18223708694533
chr21	28517001	28517250	250	*	1	6.1642891851807e-44	1.37364515011269
chr21	17679001	17679250	250	*	1	2.6336775986308e-43	1.14295247954308
chr21	33894751	33895000	250	*	1	2.8240017237613e-43	1.30534685253604
chr21	42107751	42108000	250	*	1	8.89553411876337e-43	1.08644688471605
chr21	35840251	35840500	250	*	1	9.0238177312294e-43	1.171444689815
chr21	14120251	14120500	250	*	1	1.81245271484625e-42	1.09678627729384
chr21	31866001	31866250	250	*	1	2.26604460781893e-42	1.29942577520839
chr21	41862001	41862250	250	*	1	3.63710988830724e-42	1.15122612230265
chr21	33445251	33445500	250	*	1	3.48792330051833e-41	0.965877103915907
chr21	44305001	44305250	250	*	1	3.72191698691954e-41	1.21797236021506
chr21	42924001	42924250	250	*	1	4.36315956884894e-41	1.02318458077726
chr21	34510751	34511000	250	*	1	5.00686811878923e-41	1.43787950719029
chr21	37642501	37642750	250	*	1	9.51002312551414e-41	1.26166945002844
chr21	41610501	41610750	250	*	1	9.51002312551414e-41	1.26166945002844
chr21	46153251	46153500	250	*	1	9.51002312551414e-41	1.26166945002844
chr21	15826251	15826500	250	*	1	1.01654765212177e-40	1.12663046072958
chr21	41069251	41069500	250	*	1	2.01568955964754e-40	2.96857146350766
chr21	34693251	34693500	250	*	1	3.04553103075611e-40	1.07063909083498
chr21	46285751	46286000	250	*	1	6.40573029500435e-40	1.08072548671998
chr21	45140251	45140500	250	*	1	2.73021775197314e-39	1.10297005697362
chr21	42258501	42258750	250	*	1	5.69828492518941e-39	1.00074611387118
chr21	29372501	29372750	250	*	1	8.80871790511181e-39	0.951223445536445
chr21	42537501	42537750	250	*	1	2.13710726009423e-38	0.956164895638476
chr21	41778251	41778500	250	*	1	3.01483229827832e-38	1.41759893027675
chr21	38219251	38219500	250	*	1	3.89362696790356e-38	1.15832636599838
chr21	42381501	42381750	250	*	1	4.65391116699908e-38	1.24290583418884
chr21	33127251	33127500	250	*	1	6.71972563879958e-38	1.08013648987502
chr21	41369501	41369750	250	*	1	1.39575175170852e-37	1.09143329119088
chr21	31786001	31786250	250	*	1	5.41697778606765e-37	1.16893424597896
chr21	36113001	36113250	250	*	1	9.77321534198705e-37	1.18725990950635
chr21	46229001	46229250	250	*	1	1.72707723894834e-36	1.3593977097507
chr21	39518501	39518750	250	*	1	7.21361925302623e-36	1.07948445632176
chr21	39441501	39441750	250	*	1	8.34355568151137e-36	1.12441548176583
chr21	37009751	37010000	250	*	1	8.85869495458194e-36	0.998279050442646
chr21	43612001	43612250	250	*	1	3.70846822022198e-35	1.24785791846038
chr21	44793501	44793750	250	*	1	4.69426937017862e-35	1.01346572480814
chr21	34801501	34801750	250	*	1	5.64337238086482e-35	1.17413947181579
chr21	37700751	37701000	250	*	1	1.19469183690453e-34	1.13306684370539
chr21	32258251	32258500	250	*	1	1.75836183536176e-34	1.44121909542534
chr21	36209751	36210000	250	*	1	2.17915281111954e-34	1.09782473270143
chr21	45099001	45099250	250	*	1	4.25292826732874e-34	1.16738111894688
chr21	36990251	36990500	250	*	1	8.76791991878839e-34	1.12644231246824
chr21	43811001	43811250	250	*	1	1.61742701239629e-33	1.02442325060499
chr21	33374751	33375000	250	*	1	6.99117623263739e-33	0.96821952180133
chr21	45556251	45556500	250	*	1	7.65527920825179e-33	0.950277586206217
chr21	36542751	36543000	250	*	1	1.7609068004562e-32	1.05422493402877
chr21	23968751	23969000	250	*	1	1.78086368914279e-32	1.22626820619176
chr21	20999751	21000000	250	*	1	4.51067843731802e-32	1.2852794174622
chr21	46229251	46229500	250	*	1	6.54362408344072e-32	1.32177130250246
chr21	29499751	29500000	250	*	1	8.7954394079739e-32	1.36486852889018
chr21	30044501	30044750	250	*	1	1.0760536387634e-31	1.41702644565518
chr21	33606001	33606250	250	*	1	1.6502275955504e-31	1.09126681684684
chr21	41612751	41613000	250	*	1	1.6502275955504e-31	1.09126681684684
chr21	36977251	36977500	250	*	1	3.75395147377982e-31	1.03048549384918
chr21	17387001	17387250	250	*	1	1.42099073109696e-30	0.990464642161244
chr21	39518251	39518500	250	*	1	2.58126227170627e-30	1.02372714098026
chr21	41134001	41134250	250	*	1	2.87437215626096e-30	1.26934689197811
chr21	34603251	34603500	250	*	1	4.97981316840783e-30	1.11419586879135
chr21	29376751	29377000	250	*	1	6.00536449920184e-30	1.34813917309478
chr21	34582751	34583000	250	*	1	8.2496273057464e-30	1.20318861162897
chr21	43645501	43645750	250	*	1	1.26752445925228e-29	1.04493930986142
chr21	25608501	25608750	250	*	1	2.89274966524817e-29	0.914615136362752
chr21	29376501	29376750	250	*	1	6.38051636543705e-29	1.19512751707381
chr21	14864501	14864750	250	*	1	7.24044273449425e-29	0.919565135497508
chr21	37166751	37167000	250	*	1	8.73334943170754e-29	1.03774495815229
chr21	44893001	44893250	250	*	1	1.40193316410336e-28	1.14248152131425
chr21	45137001	45137250	250	*	1	1.63001536751518e-28	0.962874483539959
chr21	32653251	32653500	250	*	1	2.64302188911242e-28	1.16339894943533
chr21	42108001	42108250	250	*	1	3.33104191381634e-28	0.993504714168651
chr21	45128501	45128750	250	*	1	4.15227753860648e-28	0.897291421499848
chr21	30831251	30831500	250	*	1	6.29734623664354e-28	1.44614554964146
chr21	34243751	34244000	250	*	1	8.41080557932521e-28	1.21345398361325
chr21	29164501	29164750	250	*	1	1.02359346631819e-27	1.13442042675909
chr21	33924251	33924500	250	*	1	1.02769237816925e-27	0.955976790732486
chr21	34630751	34631000	250	*	1	1.03829746334974e-27	0.901747048357305
chr21	31604501	31604750	250	*	1	1.29606940563149e-27	1.0419408608727
chr21	36854501	36854750	250	*	1	1.93744762116563e-27	1.15513882514926
chr21	38505751	38506000	250	*	1	3.71234610074132e-27	1.10775302475283
chr21	42337751	42338000	250	*	1	3.71234610074132e-27	1.10775302475283
chr21	25386001	25386250	250	*	1	6.56691840132765e-27	0.911405143136637
chr21	45152501	45152750	250	*	1	6.56691840132765e-27	0.911405143136637
chr21	27701001	27701250	250	*	1	1.08252997385517e-26	1.23500743121725
chr21	14773751	14774000	250	*	1	6.13580552522973e-26	1.02637894250308
chr21	29196251	29196500	250	*	1	7.1140931970234e-26	0.783041859501293
chr21	24896251	24896500	250	*	1	7.79491133080604e-26	0.997146481212742
chr21	34367501	34367750	250	*	1	8.49734425486613e-26	1.22584212966215
chr21	41121751	41122000	250	*	1	1.06970901797895e-25	1.13798039210868
chr21	38352501	38352750	250	*	1	1.35274394613926e-25	1.03853641546027
chr21	43918251	43918500	250	*	1	1.78824867518566e-25	1.00731290261318
chr21	29348501	29348750	250	*	1	2.17730240326719e-25	0.881466471443765
chr21	25708501	25708750	250	*	1	2.53469009028066e-25	0.93438707846386
chr21	44932501	44932750	250	*	1	2.95647010509767e-25	1.35267569176886
chr21	42338001	42338250	250	*	1	3.70055611481694e-25	1.1866785770927
chr21	37582751	37583000	250	*	1	6.51805632431498e-25	1.21641866075807
chr21	44950001	44950250	250	*	1	9.17094315653647e-25	1.0302762911742
chr21	37582501	37582750	250	*	1	1.08268477633272e-24	1.25108537380952
chr21	31581001	31581250	250	*	1	1.49757955294773e-24	1.15162275475785
chr21	44012501	44012750	250	*	1	1.49757955294773e-24	1.15162275475785
chr21	39867251	39867500	250	*	1	3.14133200232993e-24	1.40554954441749
chr21	31866251	31866500	250	*	1	5.70771751822253e-24	1.11989418711937
chr21	43611751	43612000	250	*	1	6.20825587419541e-24	1.02180705966486
chr21	26716001	26716250	250	*	1	2.00953438189575e-23	1.33176233349724
chr21	41170501	41170750	250	*	1	2.02773506480607e-23	1.09091566444313
chr21	32403251	32403500	250	*	1	2.1234380223448e-23	1.16755850527089
chr21	14864251	14864500	250	*	1	2.14361762624423e-23	0.972953831442586
chr21	32653501	32653750	250	*	1	3.08949309545304e-23	1.04871571891255
chr21	43646501	43646750	250	*	1	5.10788052221671e-23	0.982522452262612
chr21	17679251	17679500	250	*	1	5.97228916888603e-23	0.93229110252811
chr21	32826501	32826750	250	*	1	6.624706707055e-23	1.23080603207378
chr21	45439251	45439500	250	*	1	9.47441167850084e-23	1.02571640464442
chr21	30341001	30341250	250	*	1	1.07311064033651e-22	1.27134429244617
chr21	36966501	36966750	250	*	1	1.8256698053007e-22	1.79774662375042
chr21	34745751	34746000	250	*	1	2.97976065539669e-22	1.10077411529756
chr21	36125751	36126000	250	*	1	3.61531404913986e-22	0.947369690990815
chr21	14403751	14404000	250	*	1	6.33867680209866e-22	0.855990776228079
chr21	46504251	46504500	250	*	1	6.40065355149643e-22	1.01655110308932
chr21	44801001	44801250	250	*	1	9.17974060196155e-22	0.931087856569847
chr21	35940251	35940500	250	*	1	1.31177931955196e-21	1.30945403056637
chr21	25039751	25040000	250	*	1	1.36485840233641e-21	0.84466859554128
chr21	35051251	35051500	250	*	1	2.12910593520545e-21	1.09078807126294
chr21	44456001	44456250	250	*	1	2.20634276261018e-21	1.45414361901208
chr21	38334001	38334250	250	*	1	3.22423749528878e-21	1.04512819061506
chr21	25862501	25862750	250	*	1	3.96294054418222e-21	1.20921771964575
chr21	44012751	44013000	250	*	1	4.2581055397726e-21	1.00712763418524
chr21	29090001	29090250	250	*	1	5.51388499235004e-21	0.9468744949678
chr21	33360751	33361000	250	*	1	5.51388499235004e-21	0.9468744949678
chr21	14259751	14260000	250	*	1	5.55883814317334e-21	0.922398655038605
chr21	25314001	25314250	250	*	1	5.55883814317334e-21	0.922398655038605
chr21	29164251	29164500	250	*	1	6.59230428085723e-21	1.2490359895153
chr21	21164001	21164250	250	*	1	6.90522059054135e-21	1.0618095485867
chr21	45554751	45555000	250	*	1	7.46559256328585e-21	0.836797164612354
chr21	34509251	34509500	250	*	1	8.45972776367586e-21	1.13665910296465
chr21	43356001	43356250	250	*	1	2.80134817892126e-20	0.997431031267506
chr21	41122001	41122250	250	*	1	2.98286344056328e-20	1.19787766857241
chr21	43718751	43719000	250	*	1	2.98286344056328e-20	1.19787766857241
chr21	38805001	38805250	250	*	1	3.41241787649214e-20	0.937709193412695
chr21	33361001	33361250	250	*	1	3.53383786684802e-20	0.782304122470252
chr21	29372251	29372500	250	*	1	4.13072881471036e-20	0.828736070057194
chr21	32601251	32601500	250	*	1	5.09506736454225e-20	1.23729804580781
chr21	39373751	39374000	250	*	1	5.09506736454225e-20	1.23729804580781
chr21	20999501	20999750	250	*	1	1.20084543092911e-19	1.15351435260323
chr21	37642751	37643000	250	*	1	1.20084543092911e-19	1.15351435260323
chr21	38669251	38669500	250	*	1	1.20084543092911e-19	1.3467146932833
chr21	41167751	41168000	250	*	1	1.20084543092911e-19	1.15351435260323
chr21	45973501	45973750	250	*	1	1.45125071398999e-19	1.02484884887931
chr21	25283751	25284000	250	*	1	2.09544315149769e-19	0.928285724508616
chr21	17925251	17925500	250	*	1	2.16422314469165e-19	1.09063502877226
chr21	34722751	34723000	250	*	1	2.16422314469165e-19	1.09063502877226
chr21	37759001	37759250	250	*	1	3.94967597820998e-19	1.22513326892566
chr21	45102751	45103000	250	*	1	7.21190705208736e-19	1.05890646113378
chr21	34367251	34367500	250	*	1	8.93039966073013e-19	1.14177640889574
chr21	31109001	31109250	250	*	1	1.18067104390367e-18	0.977151689531758
chr21	45818251	45818500	250	*	1	1.70341043900461e-18	1.17397494798277
chr21	44267751	44268000	250	*	1	5.0654537604283e-18	1.04756641006044
chr21	31623751	31624000	250	*	1	5.22905321866316e-18	1.25980859521819
chr21	45542251	45542500	250	*	1	5.35306995764957e-18	2.712524469973
chr21	41460501	41460750	250	*	1	6.60362455828999e-18	1.00326053645128
chr21	43355751	43356000	250	*	1	8.1018747327117e-18	0.935413672074399
chr21	28940251	28940500	250	*	1	2.01937929783943e-17	0.916347632184496
chr21	41283501	41283750	250	*	1	2.36008703795362e-17	1.09044807944414
chr21	42164251	42164500	250	*	1	4.15247082175568e-17	1.24615422927531
chr21	34890251	34890500	250	*	1	4.88499893258872e-17	1.11698780439991
chr21	42593501	42593750	250	*	1	9.30921743675355e-17	1.38564296733093
chr21	37463251	37463500	250	*	1	1.23766629134178e-16	0.905727571614004
chr21	34352001	34352250	250	*	1	1.69408788778714e-16	1.07782425183045
chr21	40144001	40144250	250	*	1	3.5877761033278e-16	1.10386891725505
chr21	14738001	14738250	250	*	1	5.92769520676148e-16	0.733262552218822
chr21	42923751	42924000	250	*	1	6.9921162722438e-16	0.763675388452945
chr21	36104751	36105000	250	*	1	7.24205990974335e-16	1.13457786728136
chr21	36917501	36917750	250	*	1	7.24205990974335e-16	1.13457786728136
chr21	26850251	26850500	250	*	1	7.77316815603437e-16	0.955484696591031
chr21	37564501	37564750	250	*	1	7.89128657507808e-16	0.922703876085383
chr21	42145751	42146000	250	*	1	9.12881160761974e-16	0.817007046793484
chr21	44875501	44875750	250	*	1	9.12881160761974e-16	0.817007046793484
chr21	42818251	42818500	250	*	1	1.60473198419609e-15	1.01103986185713
chr21	42974501	42974750	250	*	1	1.60473198419609e-15	1.01103986185713
chr21	37712001	37712250	250	*	1	2.54207139065997e-15	1.09021455131217
chr21	44510751	44511000	250	*	1	2.54207139065997e-15	1.09021455131217
chr21	33196751	33197000	250	*	1	3.09816205956924e-15	0.838766866084098
chr21	22792001	22792250	250	*	1	3.7819976891773e-15	0.859606558484672
chr21	34583001	34583250	250	*	1	4.22902373073674e-15	1.27527813220584
chr21	26849501	26849750	250	*	1	4.48957783958923e-15	0.982061339180888
chr21	38159501	38159750	250	*	1	4.85293914856549e-15	0.943319919708879
chr21	44297501	44297750	250	*	1	4.90091734084563e-15	0.806713749092354
chr21	16330251	16330500	250	*	1	6.30644069338684e-15	1.35376441092603
chr21	17387251	17387500	250	*	1	6.40331655261019e-15	0.823929427417121
chr21	32771751	32772000	250	*	1	8.54559015174164e-15	0.706753101865199
chr21	32921751	32922000	250	*	1	1.19042549273408e-14	0.955393937174628
chr21	34801751	34802000	250	*	1	1.78617660607261e-14	1.07597912578847
chr21	45309001	45309250	250	*	1	1.78617660607261e-14	1.07597912578847
chr21	20882501	20882750	250	*	1	1.91441008044846e-14	1.20149092128559
chr21	46147251	46147500	250	*	1	1.91441008044846e-14	1.20149092128559
chr21	36260501	36260750	250	*	1	2.03036866823258e-14	0.724317629022223
chr21	43269501	43269750	250	*	1	2.44565349072958e-14	1.01599517640787
chr21	36917751	36918000	250	*	1	3.30659747594259e-14	1.25895931281092
chr21	32136251	32136500	250	*	1	4.19067229629932e-14	2.63789301463161
chr21	46325251	46325500	250	*	1	4.49478951488019e-14	0.831984672990367
chr21	18499751	18500000	250	*	1	6.92776953650711e-14	0.984266608769389
chr21	36028751	36029000	250	*	1	7.29322734094269e-14	0.907696777827075
chr21	16330501	16330750	250	*	1	7.5784314895382e-14	1.14107288023452
chr21	44013751	44014000	250	*	1	9.27140991993472e-14	0.816458563153225
chr21	37221001	37221250	250	*	1	1.68693561443605e-13	0.705209900418184
chr21	31509751	31510000	250	*	1	1.84494629525088e-13	0.955288086093152
chr21	43645751	43646000	250	*	1	1.84757721160129e-13	0.917577204950342
chr21	39716001	39716250	250	*	1	2.59342203613582e-13	1.24180353172988
chr21	42010501	42010750	250	*	1	2.59342203613582e-13	1.24180353172988
chr21	41877001	41877250	250	*	1	2.67643821799357e-13	1.08991455929164
chr21	14774001	14774250	250	*	1	3.67778304591669e-13	0.78741384997103
chr21	45923251	45923500	250	*	1	3.78156300637939e-13	1.02194742776298
chr21	15730251	15730500	250	*	1	3.9048593431974e-13	2.61630890063605
chr21	44911501	44911750	250	*	1	4.13922373591459e-13	1.3185253714034
chr21	31180751	31181000	250	*	1	4.42412632316926e-13	0.970031183245687
chr21	36209501	36209750	250	*	1	4.42412632316926e-13	0.970031183245687
chr21	34693501	34693750	250	*	1	4.57976476393411e-13	0.928620684086891
chr21	27701251	27701500	250	*	1	5.65352295805618e-13	1.43219460336175
chr21	31874001	31874250	250	*	1	5.65352295805618e-13	1.43219460336175
chr21	44295751	44296000	250	*	1	6.46042922649961e-13	0.824363786821697
chr21	44801251	44801500	250	*	1	6.46042922649961e-13	0.824363786821697
chr21	26169001	26169250	250	*	1	8.4452246358865e-13	1.04555124332245
chr21	31198751	31199000	250	*	1	9.78059909471007e-13	0.873058440737209
chr21	25862751	25863000	250	*	1	1.05031182759829e-12	0.986891605428139
chr21	38733751	38734000	250	*	1	1.05031182759829e-12	0.986891605428139
chr21	31559001	31559250	250	*	1	1.06834431101019e-12	1.16801632080963
chr21	46324751	46325000	250	*	1	1.08846727081527e-12	0.903922839007461
chr21	45138751	45139000	250	*	1	1.12349245136208e-12	0.941052660569449
chr21	36589251	36589500	250	*	1	2.14080265700369e-12	0.852839873224859
chr21	33361501	33361750	250	*	1	2.41084063383331e-12	0.748088724291861
chr21	42513501	42513750	250	*	1	2.46736144758188e-12	1.006387690753
chr21	42850751	42851000	250	*	1	2.46736144758188e-12	1.006387690753
chr21	15592251	15592500	250	*	1	2.76574859849089e-12	0.914385258563189
chr21	42467251	42467500	250	*	1	3.44262006670025e-12	0.653705768238875
chr21	14120001	14120250	250	*	1	3.8937855228154e-12	1.10759827975856
chr21	32096501	32096750	250	*	1	3.8937855228154e-12	1.10759827975856
chr21	35940501	35940750	250	*	1	3.8937855228154e-12	1.10759827975856
chr21	15592501	15592750	250	*	1	6.78437028148394e-12	0.971331868418152
chr21	42233751	42234000	250	*	1	6.93953520219791e-12	0.795458124787049
chr21	41610251	41610500	250	*	1	6.95977846606174e-12	0.926184515113419
chr21	38712251	38712500	250	*	1	7.89690441880868e-12	1.14993306236805
chr21	39441751	39442000	250	*	1	9.27897930505757e-12	0.815735981005596
chr21	45970501	45970750	250	*	1	1.28371292538359e-11	1.05643995881568
chr21	36927501	36927750	250	*	1	1.34598482320141e-11	0.779932014949906
chr21	46143751	46144000	250	*	1	1.35400231625949e-11	0.712903530682309
chr21	33200001	33200250	250	*	1	1.35539961661097e-11	0.630650867568426
chr21	21003751	21004000	250	*	1	1.4825648692733e-11	1.20460349457474
chr21	31781001	31781250	250	*	1	1.4825648692733e-11	1.20460349457474
chr21	38796501	38796750	250	*	1	1.4825648692733e-11	1.20460349457474
chr21	33230501	33230750	250	*	1	1.64000467074302e-11	0.899517113107158
chr21	46286001	46286250	250	*	1	1.64000467074302e-11	0.899517113107158
chr21	46635001	46635250	250	*	1	2.52919575412244e-11	0.76509457628293
chr21	17926001	17926250	250	*	1	4.23961715329376e-11	0.910624778103432
chr21	25040001	25040250	250	*	1	4.72408014810111e-11	0.750887301767712
chr21	42467501	42467750	250	*	1	6.68300346336748e-11	0.681069039153075
chr21	25561751	25562000	250	*	1	8.64060944900330e-11	0.737258837387671
chr21	43816751	43817000	250	*	1	8.80471373234356e-11	1.03835670037409
chr21	44268001	44268250	250	*	1	9.87107036049566e-11	0.883957376097172
chr21	23968501	23968750	250	*	1	1.04894344883821e-10	0.97291309027704
chr21	36585001	36585250	250	*	1	1.04894344883821e-10	0.97291309027704
chr21	24375251	24375500	250	*	1	1.13228798035739e-10	1.18432785746953
chr21	44718751	44719000	250	*	1	1.96996873333254e-10	1.07039824260343
chr21	37220501	37220750	250	*	1	2.34312025153651e-10	0.737768414622856
chr21	18295251	18295500	250	*	1	2.53642335955712e-10	0.993993384404908
chr21	41612251	41612500	250	*	1	2.63716006416804e-10	0.787846189539014
chr21	25607251	25607500	250	*	1	2.90029699004228e-10	0.689000810092672
chr21	14119251	14119500	250	*	1	3.20634820853711e-10	1.36726165549511
chr21	44846001	44846250	250	*	1	3.46983220089538e-10	0.75315876186217
chr21	44509751	44510000	250	*	1	4.20796706452169e-10	1.11054064654928
chr21	25562001	25562250	250	*	1	4.84083327920913e-10	0.67804927678181
chr21	45550001	45550250	250	*	1	5.7524022467786e-10	0.867638556702254
chr21	31180501	31180750	250	*	1	6.7300498856015e-10	0.954829831835455
chr21	33445501	33445750	250	*	1	7.28199495541327e-10	0.711044974474623
chr21	41917251	41917500	250	*	1	8.53435643374076e-10	1.16274374347397
chr21	25567501	25567750	250	*	1	1.3017286620759e-09	0.657166318563437
chr21	43719001	43719250	250	*	1	1.60549201988046e-09	1.23447564482321
chr21	41321251	41321500	250	*	1	1.6565978290274e-09	0.974876605691354
chr21	17585751	17586000	250	*	1	1.67578483130393e-09	0.919774009500609
chr21	36989751	36990000	250	*	1	1.72010487398042e-09	0.738923336338468
chr21	37563501	37563750	250	*	1	2.14827184711684e-09	0.665425449168129
chr21	26732501	26732750	250	*	1	2.63642765687273e-09	1.34247858691382
chr21	36747751	36748000	250	*	1	2.88830615298063e-09	2.51258990139996
chr21	41168001	41168250	250	*	1	2.88830615298063e-09	2.51258990139996
chr21	26170501	26170750	250	*	1	3.00905707156072e-09	1.08895653255372
chr21	36541751	36542000	250	*	1	3.46700396463973e-09	0.654821063190702
chr21	45138501	45138750	250	*	1	3.91056644596969e-09	0.888045441862127
chr21	25350251	25350500	250	*	1	3.93589426115813e-09	0.998964284555327
chr21	41839251	41839500	250	*	1	3.93589426115813e-09	0.998964284555327
chr21	45236501	45236750	250	*	1	3.93589426115813e-09	0.998964284555327
chr21	15826001	15826250	250	*	1	4.1855596771953e-09	0.935713053121902
chr21	14306751	14307000	250	*	1	6.26414442716333e-09	1.1396705467081
chr21	31499001	31499250	250	*	1	6.26414442716333e-09	1.1396705467081
chr21	33895001	33895250	250	*	1	6.26414442716333e-09	1.1396705467081
chr21	34243501	34243750	250	*	1	6.84017762272403e-09	0.825784930541783
chr21	17586001	17586250	250	*	1	6.84547072308394e-09	0.757418307072997
chr21	42117251	42117500	250	*	1	6.84547072308394e-09	0.757418307072997
chr21	25790001	25790250	250	*	1	9.13521708565506e-09	1.02853849150265
chr21	31347501	31347750	250	*	1	9.13521708565506e-09	1.02853849150265
chr21	36484251	36484500	250	*	1	9.13521708565506e-09	1.02853849150265
chr21	37564251	37564500	250	*	1	9.13521708565506e-09	0.652306562023273
chr21	45309251	45309500	250	*	1	9.13521708565506e-09	1.02853849150265
chr21	32359751	32360000	250	*	1	1.20599218967133e-08	1.20969257624191
chr21	39153501	39153750	250	*	1	1.20599218967133e-08	1.20969257624191
chr21	31198501	31198750	250	*	1	1.42416844611617e-08	0.70921775221546
chr21	36141751	36142000	250	*	1	1.42416844611617e-08	0.70921775221546
chr21	25561501	25561750	250	*	1	1.51129993988995e-08	0.68315518300804
chr21	17512501	17512750	250	*	1	2.07712172290014e-08	1.06588333578785
chr21	46551751	46552000	250	*	1	2.07712172290014e-08	1.06588333578785
chr21	39313751	39314000	250	*	1	2.21603476753388e-08	0.724021563709593
chr21	30463751	30464000	250	*	1	2.23782783875152e-08	0.868928663148573
chr21	43865251	43865500	250	*	1	2.62699366786921e-08	2.48072050265622
chr21	41612501	41612750	250	*	1	2.6428767825453e-08	0.78126616632865
chr21	46153501	46153750	250	*	1	2.6428767825453e-08	0.78126616632865
chr21	14253751	14254000	250	*	1	3.86350448194818e-08	0.708495453872451
chr21	21921751	21922000	250	*	1	4.48869707288277e-08	1.11488747812681
chr21	27564751	27565000	250	*	1	4.48869707288277e-08	1.11488747812681
chr21	28517251	28517500	250	*	1	4.48869707288277e-08	1.11488747812681
chr21	34544001	34544250	250	*	1	4.79591671081791e-08	0.839950140472335
chr21	42309501	42309750	250	*	1	4.98364650101705e-08	0.761047598816301
chr21	34671001	34671250	250	*	1	5.84794404665427e-08	0.880381593681841
chr21	31142751	31143000	250	*	1	6.06304327423183e-08	1.00546529473679
chr21	39138001	39138250	250	*	1	6.06304327423183e-08	1.00546529473679
chr21	36504501	36504750	250	*	1	6.53439269942733e-08	0.693658015205474
chr21	25895751	25896000	250	*	1	7.12826535729554e-08	0.784702357832076
chr21	34073251	34073500	250	*	1	9.07698146870261e-08	1.18292578137373
chr21	42537251	42537500	250	*	1	9.10366167520203e-08	0.741981558926398
chr21	39314001	39314250	250	*	1	9.77463516646043e-08	0.813282738466075
chr21	42360501	42360750	250	*	1	9.77463516646043e-08	0.813282738466075
chr21	33480251	33480500	250	*	1	1.03560612716558e-07	0.707702744314675
chr21	44800251	44800500	250	*	1	1.0884751960052e-07	0.679450740690256
chr21	39715751	39716000	250	*	1	1.2654734565171e-07	0.848653026043359
chr21	39445501	39445750	250	*	1	1.34375835256651e-07	0.763182907887066
chr21	29500001	29500250	250	*	1	1.40736374469927e-07	1.04110026720656
chr21	32688001	32688250	250	*	1	1.40736374469927e-07	1.04110026720656
chr21	41817501	41817750	250	*	1	1.50437092085058e-07	0.89385330202113
chr21	36631001	36631250	250	*	1	1.59447969134023e-07	0.954306973793901
chr21	43829501	43829750	250	*	1	1.62687281585522e-07	1.28661585302489
chr21	44310751	44311000	250	*	1	1.62687281585522e-07	1.28661585302489
chr21	42330751	42331000	250	*	1	1.77204079737438e-07	0.665822276310215
chr21	37916251	37916500	250	*	1	2.39419781224523e-07	2.44549265480906
chr21	15730001	15730250	250	*	1	2.44948013504551e-07	1.47818727596127
chr21	31509501	31509750	250	*	1	2.60486428871082e-07	0.819674503367121
chr21	37463001	37463250	250	*	1	2.86595841007873e-07	0.652727300542023
chr21	46402501	46402750	250	*	1	3.15254040320508e-07	1.08812068325862
chr21	23853751	23854000	250	*	1	3.88888334228643e-07	0.909943657824714
chr21	37619751	37620000	250	*	1	3.91195763612785e-07	0.980682226155489
chr21	37659001	37659250	250	*	1	3.91195763612785e-07	0.980682226155489
chr21	41917001	41917250	250	*	1	3.91195763612785e-07	0.980682226155489
chr21	29090251	29090500	250	*	1	4.72369616617337e-07	0.690546963233634
chr21	37533251	37533500	250	*	1	4.72369616617337e-07	0.690546963233634
chr21	17931001	17931250	250	*	1	6.63192228864637e-07	0.744066129173512
chr21	23936251	23936500	250	*	1	6.63192228864637e-07	1.15382984235299
chr21	32143751	32144000	250	*	1	6.63192228864637e-07	1.15382984235299
chr21	36260751	36261000	250	*	1	6.63192228864637e-07	0.744066129173512
chr21	44817751	44818000	250	*	1	6.63192228864637e-07	1.15382984235299
chr21	33901751	33902000	250	*	1	9.43998857984472e-07	1.01433347233838
chr21	38621251	38621500	250	*	1	9.43998857984472e-07	1.01433347233838
chr21	36422501	36422750	250	*	1	9.82952756955474e-07	0.768309256281431
chr21	42011251	42011500	250	*	1	1.18667240197866e-06	0.723847561661163
chr21	46210501	46210750	250	*	1	1.2797967049284e-06	1.25474645428115
chr21	17931251	17931500	250	*	1	1.39805297290903e-06	0.798090389371563
chr21	44338251	44338500	250	*	1	1.66585980233166e-06	0.604940421401535
chr21	25562251	25562500	250	*	1	1.72110387711432e-06	0.565313343355827
chr21	30839501	30839750	250	*	1	1.87466149072059e-06	0.835724282920415
chr21	45098751	45099000	250	*	1	2.05898822810925e-06	0.70478152177126
chr21	23854001	23854250	250	*	1	2.19768227624947e-06	1.05902474423788
chr21	35616251	35616500	250	*	1	2.19768227624947e-06	1.05902474423788
chr21	33588501	33588750	250	*	1	2.29466813058795e-06	0.885160589243417
chr21	34517501	34517750	250	*	1	2.29466813058795e-06	0.885160589243417
chr21	38806251	38806500	250	*	1	2.29466813058795e-06	0.885160589243417
chr21	16194501	16194750	250	*	1	2.48605326892921e-06	0.953915431287307
chr21	36615251	36615500	250	*	1	2.48605326892921e-06	0.953915431287307
chr21	33269001	33269250	250	*	1	2.86574101851175e-06	0.611662580892016
chr21	44267501	44267750	250	*	1	3.76829636567251e-06	0.803995715281933
chr21	46371501	46371750	250	*	1	3.76829636567251e-06	0.803995715281933
chr21	14306501	14306750	250	*	1	4.86642131015411e-06	1.12196044360925
chr21	25507751	25508000	250	*	1	4.9252571536698e-06	0.746725142285873
chr21	36419751	36420000	250	*	1	4.9252571536698e-06	0.746725142285873
chr21	18500001	18500250	250	*	1	4.96483391276097e-06	0.845997036673965
chr21	42851001	42851250	250	*	1	4.96483391276097e-06	0.845997036673965
chr21	43315251	43315500	250	*	1	4.96483391276097e-06	0.845997036673965
chr21	33947751	33948000	250	*	1	5.53393314998172e-06	0.703571924555948
chr21	38734251	38734500	250	*	1	5.53393314998172e-06	0.703571924555948
chr21	29092751	29093000	250	*	1	5.9529111271731e-06	0.902757110344422
chr21	42309001	42309250	250	*	1	5.9529111271731e-06	0.902757110344422
chr21	37675501	37675750	250	*	1	6.12085779398286e-06	0.985237533317631
chr21	45444001	45444250	250	*	1	6.12085779398286e-06	0.985237533317631
chr21	14253501	14253750	250	*	1	7.16864799456826e-06	0.775017192605695
chr21	25607751	25608000	250	*	1	7.16864799456826e-06	0.775017192605695
chr21	43975751	43976000	250	*	1	7.16864799456826e-06	0.775017192605695
chr21	45292751	45293000	250	*	1	8.68080521246246e-06	0.72372582801775
chr21	38334251	38334500	250	*	1	9.74558539363483e-06	1.21951860643399
chr21	44761501	44761750	250	*	1	1.00931651623335e-05	0.810941214339118
chr21	37087251	37087500	250	*	1	1.33639693681655e-05	0.748349790599435
chr21	26717251	26717500	250	*	1	1.48184191441393e-05	1.02715534549414
chr21	27803001	27803250	250	*	1	1.48184191441393e-05	1.02715534549414
chr21	29092501	29092750	250	*	1	1.48184191441393e-05	1.02715534549414
chr21	41369251	41369500	250	*	1	1.52782664597301e-05	0.666468032336685
chr21	32994251	32994500	250	*	1	1.52925229609048e-05	0.924819492266564
chr21	42320001	42320250	250	*	1	1.52925229609048e-05	0.924819492266564
chr21	45880751	45881000	250	*	1	1.52925229609048e-05	0.924819492266564
chr21	31065001	31065250	250	*	1	1.67200193536814e-05	1.40358100030974
chr21	34231501	34231750	250	*	1	1.67200193536814e-05	1.40358100030974
chr21	44835501	44835750	250	*	1	1.67200193536814e-05	1.40358100030974
chr21	36966251	36966500	250	*	1	1.93657921882716e-05	0.779212646700636
chr21	42381251	42381500	250	*	1	1.93657921882716e-05	0.779212646700636
chr21	44304751	44305000	250	*	1	1.93657921882716e-05	0.779212646700636
chr21	45880251	45880500	250	*	1	1.93657921882716e-05	0.779212646700636
chr21	39136251	39136500	250	*	1	1.96608730241849e-05	2.36147489825428
chr21	40512751	40513000	250	*	1	1.96608730241849e-05	2.36147489825428
chr21	25507501	25507750	250	*	1	2.33633287871072e-05	0.723651945520005
chr21	43864501	43864750	250	*	1	2.33633287871072e-05	0.723651945520005
chr21	37220751	37221000	250	*	1	2.38987961738114e-05	0.571465820925576
chr21	15483001	15483250	250	*	1	2.40718002654247e-05	0.649353123394249
chr21	36976751	36977000	250	*	1	2.40718002654247e-05	0.649353123394249
chr21	37563751	37564000	250	*	1	2.88218762936981e-05	0.588567756093544
chr21	24045751	24046000	250	*	1	3.37382798931727e-05	1.08673259576208
chr21	30434001	30434250	250	*	1	3.43191035485656e-05	0.873661171323678
chr21	34912251	34912500	250	*	1	3.43191035485656e-05	0.873661171323678
chr21	42890501	42890750	250	*	1	3.43191035485656e-05	0.873661171323678
chr21	45443751	45444000	250	*	1	3.43191035485656e-05	0.873661171323678
chr21	33265751	33266000	250	*	1	3.78474466473494e-05	0.633071288973281
chr21	30044751	30045000	250	*	1	3.83172210061888e-05	0.953368134573895
chr21	38505501	38505750	250	*	1	3.83172210061888e-05	0.953368134573895
chr21	37073501	37073750	250	*	1	4.20752561323875e-05	0.576423541369391
chr21	23452751	23453000	250	*	1	5.20076094691673e-05	0.784174419470937
chr21	38236251	38236500	250	*	1	5.20076094691673e-05	0.784174419470937
chr21	45768501	45768750	250	*	1	5.20076094691673e-05	0.784174419470937
chr21	45768751	45769000	250	*	1	5.20076094691673e-05	0.784174419470937
chr21	25350001	25350250	250	*	1	6.31274223744551e-05	0.723566722018138
chr21	37497001	37497250	250	*	1	6.31274223744551e-05	0.723566722018138
chr21	42064251	42064500	250	*	1	6.65781803390346e-05	0.679133181306872
chr21	29817501	29817750	250	*	1	7.14761650409686e-05	1.18014017862963
chr21	31992001	31992250	250	*	1	7.14761650409686e-05	1.18014017862963
chr21	43760501	43760750	250	*	1	7.14761650409686e-05	1.18014017862963
chr21	43979751	43980000	250	*	1	7.16199072024335e-05	0.829297855354492
chr21	21102001	21102250	250	*	1	9.01881576132543e-05	0.892950093522828
chr21	23131251	23131500	250	*	1	9.49459339771857e-05	0.991927497646979
chr21	31041501	31041750	250	*	1	9.49459339771857e-05	0.991927497646979
chr21	38712001	38712250	250	*	1	9.49459339771857e-05	0.991927497646979
chr21	42256001	42256250	250	*	1	9.49459339771857e-05	0.991927497646979
chr21	34091751	34092000	250	*	1	9.60542831833078e-05	0.752445851832454
chr21	41862251	41862500	250	*	1	9.60542831833078e-05	0.752445851832454
chr21	25567751	25568000	250	*	1	0.000130758903684769	0.588500465953945
chr21	21751501	21751750	250	*	1	0.000132876372428859	1.35894167155933
chr21	39137251	39137500	250	*	1	0.000132876372428859	1.35894167155933
chr21	40386251	40386500	250	*	1	0.000132876372428859	1.35894167155933
chr21	44067501	44067750	250	*	1	0.000132876372428859	1.35894167155933
chr21	29849501	29849750	250	*	1	0.000139988830515014	0.790134302785039
chr21	33855251	33855500	250	*	1	0.000139988830515014	0.790134302785039
chr21	36479001	36479250	250	*	1	0.000139988830515014	0.790134302785039
chr21	44618501	44618750	250	*	1	0.000139988830515014	0.790134302785039
chr21	36430001	36430250	250	*	1	0.000151283844104974	0.611487174977724
chr21	36422001	36422250	250	*	1	0.000169516255586762	0.63984857390462
chr21	41461001	41461250	250	*	1	0.000169516255586762	0.723467329156217
chr21	41768751	41769000	250	*	1	0.000169516255586762	0.723467329156217
chr21	44817501	44817750	250	*	1	0.000169516255586762	0.723467329156217
chr21	44800001	44800250	250	*	1	0.000176980207289719	0.675869562670585
chr21	20971251	20971500	250	*	1	0.000188882922780077	0.841791772579942
chr21	25639501	25639750	250	*	1	0.000188882922780077	0.841791772579942
chr21	31457751	31458000	250	*	1	0.000188882922780077	0.841791772579942
chr21	41896001	41896250	250	*	1	0.000188882922780077	0.841791772579942
chr21	44718501	44718750	250	*	1	0.000188882922780077	0.841791772579942
chr21	45236751	45237000	250	*	1	0.000188882922780077	0.841791772579942
chr21	31933751	31934000	250	*	1	0.000225268259076829	1.04735416795772
chr21	26171001	26171250	250	*	1	0.000229161489775717	0.91814028672673
chr21	34072751	34073000	250	*	1	0.000229161489775717	0.91814028672673
chr21	34201751	34202000	250	*	1	0.000229161489775717	0.91814028672673
chr21	37446751	37447000	250	*	1	0.000229161489775717	0.91814028672673
chr21	45596501	45596750	250	*	1	0.000257951228912515	0.755078480450193
chr21	25640001	25640250	250	*	1	0.000283610530597998	0.654350112725575
chr21	46326251	46326500	250	*	1	0.000283610530597998	0.654350112725575
chr21	32570001	32570250	250	*	1	0.000395933376427359	0.604695812632824
chr21	36153001	36153250	250	*	1	0.000449394472529217	0.634131545213226
chr21	45287751	45288000	250	*	1	0.000449394472529217	0.634131545213226
chr21	25790251	25790500	250	*	1	0.000459923573518865	0.72334991281171
chr21	25896001	25896250	250	*	1	0.000459923573518865	0.72334991281171
chr21	36420251	36420500	250	*	1	0.000459923573518865	0.72334991281171
chr21	37675001	37675250	250	*	1	0.000475540935208519	0.672102082070526
chr21	45591001	45591250	250	*	1	0.000475540935208519	0.672102082070526
chr21	29850001	29850250	250	*	1	0.000504046466793443	0.857722245675662
chr21	34073501	34073750	250	*	1	0.000504046466793443	0.857722245675662
chr21	46420501	46420750	250	*	1	0.000504046466793443	0.857722245675662
chr21	24705501	24705750	250	*	1	0.000505358355632294	1.13550084987921
chr21	31873001	31873250	250	*	1	0.000505358355632294	1.13550084987921
chr21	41746001	41746250	250	*	1	0.000505358355632294	1.13550084987921
chr21	20443501	20443750	250	*	1	0.000582672716078673	0.952549069842617
chr21	31041751	31042000	250	*	1	0.000582672716078673	0.952549069842617
chr21	31566251	31566500	250	*	1	0.000582672716078673	0.952549069842617
chr21	39089001	39089250	250	*	1	0.000582672716078673	0.952549069842617
chr21	44322251	44322500	250	*	1	0.000582672716078673	0.952549069842617
chr21	44510251	44510500	250	*	1	0.000582672716078673	0.952549069842617
chr21	42455251	42455500	250	*	1	0.000696918951777267	0.758264904041303
chr21	44302001	44302250	250	*	1	0.000696918951777267	0.758264904041303
chr21	42376751	42377000	250	*	1	0.000753169576475177	0.649102767802404
chr21	41973751	41974000	250	*	1	0.000771106134823993	0.694371390135473
chr21	45818501	45818750	250	*	1	0.000771106134823993	0.694371390135473
chr21	31086751	31087000	250	*	1	0.00101794544941934	0.806563924732777
chr21	31731251	31731500	250	*	1	0.00101794544941934	0.806563924732777
chr21	35400251	35400500	250	*	1	0.00101794544941934	0.806563924732777
chr21	31785751	31786000	250	*	1	0.00101972175230054	0.597027652993963
chr21	27759001	27759250	250	*	1	0.00102224765665899	1.30741577961256
chr21	32412751	32413000	250	*	1	0.00102224765665899	1.30741577961256
chr21	42033251	42033500	250	*	1	0.00102224765665899	1.30741577961256
chr21	29476751	29477000	250	*	1	0.00123300200850216	0.723209081706457
chr21	32921501	32921750	250	*	1	0.00123300200850216	0.723209081706457
chr21	42411501	42411750	250	*	1	0.00123300200850216	0.723209081706457
chr21	44300501	44300750	250	*	1	0.00123300200850216	0.723209081706457
chr21	29342501	29342750	250	*	1	0.00125659659906551	0.667703988129212
chr21	34670501	34670750	250	*	1	0.00125659659906551	0.667703988129212
chr21	36028251	36028500	250	*	1	0.00125659659906551	0.667703988129212
chr21	41974001	41974250	250	*	1	0.00125659659906551	0.667703988129212
chr21	14953001	14953250	250	*	1	0.00132194306423058	0.878761858922368
chr21	21751251	21751500	250	*	1	0.00132194306423058	0.878761858922368
chr21	36389751	36390000	250	*	1	0.00132194306423058	0.878761858922368
chr21	41589251	41589500	250	*	1	0.00132194306423058	0.878761858922368
chr21	26715751	26716000	250	*	1	0.00144435350155194	1.00271483920731
chr21	32414751	32415000	250	*	1	0.00144435350155194	1.00271483920731
chr21	34888751	34889000	250	*	1	0.00144435350155194	1.00271483920731
chr21	42831001	42831250	250	*	1	0.00144435350155194	1.00271483920731
chr21	42831251	42831500	250	*	1	0.00144435350155194	1.00271483920731
chr21	44455751	44456000	250	*	1	0.00144435350155194	1.00271483920731
chr21	16975001	16975250	250	*	1	0.00148943020034789	2.2490172199869
chr21	31285001	31285250	250	*	1	0.00148943020034789	2.2490172199869
chr21	39026251	39026500	250	*	1	0.00148943020034789	2.2490172199869
chr21	41045751	41046000	250	*	1	0.00148943020034789	2.2490172199869
chr21	41953751	41954000	250	*	1	0.00148943020034789	2.2490172199869
chr21	45542501	45542750	250	*	1	0.00148943020034789	2.2490172199869
chr21	45644001	45644250	250	*	1	0.00148943020034789	2.2490172199869
chr21	37366501	37366750	250	*	1	0.00173495430244427	0.607364750345044
chr21	44479751	44480000	250	*	1	0.00173495430244427	0.607364750345044
chr21	28745501	28745750	250	*	1	0.00184994906383108	0.76220060876359
chr21	31264751	31265000	250	*	1	0.00184994906383108	0.76220060876359
chr21	36501501	36501750	250	*	1	0.00184994906383108	0.76220060876359
chr21	44742501	44742750	250	*	1	0.00184994906383108	0.76220060876359
chr21	32994501	32994750	250	*	1	0.00195564350780713	0.643006143049782
chr21	43727501	43727750	250	*	1	0.00203722221680525	0.691480514067975
chr21	30839251	30839500	250	*	1	0.00269226964920632	0.818343817871301
chr21	44444501	44444750	250	*	1	0.00269226964920632	0.818343817871301
chr21	45308751	45309000	250	*	1	0.00269226964920632	0.818343817871301
chr21	44801751	44802000	250	*	1	0.00303757355768071	0.62000682878166
chr21	46325501	46325750	250	*	1	0.00303757355768071	0.62000682878166
chr21	40143751	40144000	250	*	1	0.00329643100681208	0.723037056194137
chr21	42654501	42654750	250	*	1	0.00329643100681208	0.723037056194137
chr21	43269251	43269500	250	*	1	0.00329643100681208	0.723037056194137
chr21	44012001	44012250	250	*	1	0.00329643100681208	0.723037056194137
chr21	14253251	14253500	250	*	1	0.00341774609110455	1.08397495793245
chr21	17554751	17555000	250	*	1	0.00341774609110455	0.907909741092204
chr21	21303001	21303250	250	*	1	0.00341774609110455	0.907909741092204
chr21	28522001	28522250	250	*	1	0.00341774609110455	0.907909741092204
chr21	30962001	30962250	250	*	1	0.00341774609110455	1.08397495793245
chr21	32364251	32364500	250	*	1	0.00341774609110455	1.08397495793245
chr21	34957751	34958000	250	*	1	0.00341774609110455	1.08397495793245
chr21	38251001	38251250	250	*	1	0.00341774609110455	1.08397495793245
chr21	42631251	42631500	250	*	1	0.00341774609110455	1.08397495793245
chr21	43269001	43269250	250	*	1	0.00341774609110455	0.907909741092204
chr21	21163751	21164000	250	*	1	0.0050586502704202	0.767185496928415
chr21	41283001	41283250	250	*	1	0.0050586502704202	0.767185496928415
chr21	43941751	43942000	250	*	1	0.0050586502704202	0.767185496928415
chr21	44295251	44295500	250	*	1	0.0050586502704202	0.767185496928415
chr21	14862751	14863000	250	*	1	0.00519452820826231	0.635834589385477
chr21	30194751	30195000	250	*	1	0.00519452820826231	0.635834589385477
chr21	42117751	42118000	250	*	1	0.00519452820826231	0.635834589385477
chr21	14119001	14119250	250	*	1	0.00548815504286985	0.687981233859291
chr21	25560251	25560500	250	*	1	0.00548815504286985	0.687981233859291
chr21	26169251	26169500	250	*	1	0.00548815504286985	0.687981233859291
chr21	20971501	20971750	250	*	1	0.00719888761412971	0.834122530171955
chr21	29361501	29361750	250	*	1	0.00719888761412971	0.834122530171955
chr21	30072501	30072750	250	*	1	0.00719888761412971	0.834122530171955
chr21	30434251	30434500	250	*	1	0.00719888761412971	0.834122530171955
chr21	36662001	36662250	250	*	1	0.00719888761412971	0.834122530171955
chr21	38127001	38127250	250	*	1	0.00719888761412971	0.834122530171955
chr21	39096751	39097000	250	*	1	0.00719888761412971	0.834122530171955
chr21	42861751	42862000	250	*	1	0.00719888761412971	0.834122530171955
chr21	44377501	44377750	250	*	1	0.00719888761412971	0.834122530171955
chr21	17513001	17513250	250	*	1	0.00743110926513876	1.24648399329194
chr21	21232501	21232750	250	*	1	0.00743110926513876	1.24648399329194
chr21	29115501	29115750	250	*	1	0.00743110926513876	1.24648399329194
chr21	31143001	31143250	250	*	1	0.00743110926513876	1.24648399329194
chr21	32100251	32100500	250	*	1	0.00743110926513876	1.24648399329194
chr21	32360501	32360750	250	*	1	0.00743110926513876	1.24648399329194
chr21	41320501	41320750	250	*	1	0.00743110926513876	1.24648399329194
chr21	41786501	41786750	250	*	1	0.00743110926513876	1.24648399329194
chr21	41932251	41932500	250	*	1	0.00743110926513876	1.24648399329194
chr21	45226751	45227000	250	*	1	0.00743110926513876	1.24648399329194
chr21	45643251	45643500	250	*	1	0.00743110926513876	1.24648399329194
chr21	24896001	24896250	250	*	1	0.00777306994643538	0.611136744306047
chr21	45439751	45440000	250	*	1	0.00777306994643538	0.611136744306047
chr21	14766251	14766500	250	*	1	0.00867374143761239	0.951188947260545
chr21	15553251	15553500	250	*	1	0.00867374143761239	0.951188947260545
chr21	17903251	17903500	250	*	1	0.00867374143761239	0.656252666220809
chr21	19507751	19508000	250	*	1	0.00867374143761239	0.656252666220809
chr21	25801251	25801500	250	*	1	0.00867374143761239	0.722822180959229
chr21	25887251	25887500	250	*	1	0.00867374143761239	0.951188947260545
chr21	28793251	28793500	250	*	1	0.00867374143761239	0.951188947260545
chr21	31558751	31559000	250	*	1	0.00867374143761239	0.951188947260545
chr21	32940751	32941000	250	*	1	0.00867374143761239	0.951188947260545
chr21	36585251	36585500	250	*	1	0.00867374143761239	0.722822180959229
chr21	38172001	38172250	250	*	1	0.00867374143761239	0.951188947260545
chr21	38806001	38806250	250	*	1	0.00867374143761239	0.951188947260545
chr21	42009501	42009750	250	*	1	0.00867374143761239	0.656252666220809
chr21	46153001	46153250	250	*	1	0.00867374143761239	0.951188947260545
chr21	46294751	46295000	250	*	1	0.00867374143761239	0.722822180959229
